2 0.29296875 0.309375 0.02265625 0.028125
2 0.434375 0.34765625 0.0375 0.05234375
2 0.4359375 0.484375 0.0375 0.04765625
2 0.434375 0.6140625 0.040625 0.05234375
2 0.434375 0.75 0.046875 0.04140625
2 0.434375 0.88125 0.03984375 0.05234375
2 0.57890625 0.3671875 0.02265625 0.05625
2 0.57890625 0.49921875 0.02265625 0.05234375
2 0.57734375 0.63046875 0.0296875 0.05859375
2 0.57734375 0.76875 0.0203125 0.05625
2 0.578125 0.9 0.02890625 0.05
2 0.73828125 0.30625 0.06328125 0.0828125
2 0.7375 0.44921875 0.09296875 0.11796875
2 0.7390625 0.57734375 0.0703125 0.075
2 0.73984375 0.71015625 0.06953125 0.05625
2 0.73671875 0.840625 0.06171875 0.08125
2 0.84453125 0.30859375 0.04140625 0.08515625
2 0.84453125 0.4390625 0.05 0.096875
2 0.8421875 0.57421875 0.04453125 0.09296875
2 0.840625 0.70625 0.03828125 0.09453125
2 0.84296875 0.84375 0.0390625 0.09453125
