1 0.5265625 0.82109375 0.2796875 0.21484375
1 0.4859375 0.95546875 0.159375 0.0890625
1 0.4265625 0.625 0.12734375 0.15546875
1 0.4265625 0.36796875 0.0578125 0.071875
0 0.2296875 0.72734375 0.459375 0.47734375
0 0.34765625 0.55234375 0.2671875 0.3609375
0 0.503125 0.36171875 0.11640625 0.12109375
0 0.5265625 0.52890625 0.18515625 0.15625
0 0.18515625 0.31015625 0.090625 0.115625
0 0.3015625 0.28828125 0.0796875 0.1296875
0 0.934375 0.5296875 0.13125 0.240625
0 0.7546875 0.3734375 0.0890625 0.22890625
0 0.58359375 0.29921875 0.11796875 0.125
0 0.48359375 0.2453125 0.09296875 0.11171875
0 0.82578125 0.2765625 0.08359375 0.15546875
0 0.67734375 0.27890625 0.065625 0.1390625
0 0.925 0.29609375 0.0453125 0.15625
0 0.3703125 0.18828125 0.1453125 0.07734375
0 0.175 0.19296875 0.16484375 0.07734375
0 0.72734375 0.1703125 0.21953125 0.09296875
